2000 0000 2000 0000 0000 0000 0000 0000
0000 0000 0000 0000 0012 3456 7891 2345
ffff ffff ffff ffff 0000 0000 0000 0000
0000 0000 0000 0000 00ff ffff ffff ffff
ffff ffff ffff ffff 0000 0000 0000 0000
0000 0000 0000 0000 00ff ffff ffff ffff
ffff ffff ffff ffff 0000 0000 0000 0000
0000 0000 0000 0000 00ff ffff ffff ffff
ffff ffff ffff ffff 0000 0000 0000 0000
0000 0000 0000 0000 00ff ffff ffff ffff
ffff ffff ffff ffff 0000 0000 0000 0000
0000 0000 0000 0000 00ff ffff ffff ffff
ffff ffff ffff ffff 0000 0000 0000 0000
0000 0000 0000 0000 00ff ffff ffff ffff
ffff ffff ffff ffff 0000 0000 0000 0000
0000 0000 0000 0000 00ff ffff ffff ffff
ffff ffff ffff ffff 0000 0000 0000 0000
0000 0000 0000 0000 00ff ffff ffff ffff
ffff ffff ffff ffff 0000 0000 0000 0000
0000 0000 0000 0000 00ff ffff ffff ffff
ffff ffff ffff ffff 0000 0000 0000 0000
0000 0000 0000 0000 00ff ffff ffff ffff
ffff ffff ffff ffff 0000 0000 0000 0000
0000 0000 0000 0000 00ff ffff ffff ffff
ffff ffff ffff ffff 0000 0000 0000 0000
0000 0000 0000 0000 00ff ffff ffff ffff
ffff ffff ffff ffff 0000 0000 0000 0000
0000 0000 0000 0000 00ff ffff ffff ffff
ffff ffff ffff ffff 0000 0000 0000 0000
0000 0000 0000 0000 00ff ffff ffff ffff
ffff ffff ffff ffff 0000 0000 0000 0000
0000 0000 0000 0000 00ff ffff ffff ffff
ffff ffff ffff ffff 0000 0000 0000 0000
0000 0000 0000 0000 0000 0000 0000 0000
0000 0000 0000 0000 0000 0000 0000 0000
0000 0000 0000 0000 0000 0000 0000 0000
0000 0000 0000 0000 0000 0000 0000 0000
0000 0000 0000 0000 0000 0000 0000 0000
0000 0000 0000 0000 0000 0000 0000 0000
0000 0000 0000 0000 0000 0000 0000 0000
0000 0000 0000 0000 0000 0000 0000 0000
0000 0000 0000 0000 0000 0000 0000 0000
0000 0000 0000 0000 0000 0000 0000 0000
0000 0000 0000 0000 0000 0000 0000 0000
0000 0000 0000 0000 0000 0000 0000 0000
0000 0000 0000 0000 0000 0000 0000 0000
0000 0000 0000 0000 0000 0000 0000 0000
0000 0000 0000 0000 0000 0000 0000 0000
0000 0000 0000 0000 0000 0000 0000 0000
0000 0000 0000 0000 0000 0000 0000 0000
0000 0000 0000 0000 0000 0000 0000 0000
0000 0000 0000 0000 0000 0000 0000 0000
0000 0000 0000 0000 0000 0000 0000 0000
0000 0000 0000 0000 0000 0000 0000 0000
0000 0000 0000 0000 0000 0000 0000 0000
0000 0000 0000 0000 0000 0000 0000 0000
0000 0000 0000 0000 0000 0000 0000 0000
0000 0000 0000 0000 0000 0000 0000 0000
0000 0000 0000 0000 0000 0000 0000 0000
0000 0000 0000 0000 0000 0000 0000 0000
0000 0000 0000 0000 0000 0000 0000 0000
0000 0000 0000 0000 0000 0000 0000 0000
0000 0000 0000 0000 0000 0000 0000 0000
0000 0000 0000 0000 0000 0000 0000 0000
0000 0000 0000 0000 0000 0000 0000 0000
0000 0000 0000 0000 0000 0000 0000 0000
0000 0000 0000 0000 0000 0000 0000 0000
0000 0000 0000 0000 0000 0000 0000 0000
0000 0000 0000 0000 0000 0000 0000 0000
0000 0000 0000 0000 0000 0000 0000 0000
0000 0000 0000 0000 0000 0000 0000 0000
0000 0000 0000 0000 0000 0000 0000 0000
0000 0000 0000 0000 0000 0000 0000 0000
0000 0000 0000 0000 0000 0000 0000 0000
0000 0000 0000 0000 0000 0000 0000 0000
0000 0000 0000 0000 0000 0000 0000 0000
0000 0000 0000 0000 0000 0000 0000 0000
0000 0000 0000 0000 0000 0000 0000 0000
0000 0000 0000 0000 0000 0000 0000 0000
0000 0000 0000 0000 0000 0000 0000 0000
0000 0000 0000 0000 0000 0000 0000 0000
0000 0000 0000 0000 0000 0000 0000 0000
0000 0000 0000 0000 0000 0000 0000 0000
0000 0000 0000 0000 0000 0000 0000 0000
0000 0000 0000 0000 0000 0000 0000 0000
0000 0000 0000 0000 0000 0000 0000 0000
0000 0000 0000 0000 0000 0000 0000 0000
0000 0000 0000 0000 0000 0000 0000 0000
0000 0000 0000 0000 0000 0000 0000 0000
0000 0000 0000 0000 0000 0000 0000 0000
0000 0000 0000 0000 0000 0000 0000 0000
0000 0000 0000 0000 0000 0000 0000 0000
0000 0000 0000 0000 0000 0000 0000 0000
0000 0000 0000 0000 0000 0000 0000 0000
0000 0000 0000 0000 0000 0000 0000 0000
0000 0000 0000 0000 0000 0000 0000 0000
0000 0000 0000 0000 0000 0000 0000 0000
0000 0000 0000 0000 00ff ffff ffff ffff
ffff ffff ffff ffff 0000 0000 0000 0000
0000 0000 0000 0000 00ff ffff ffff ffff
ffff ffff ffff ffff 0000 0000 0000 0000
0000 0000 0000 0000 00ff ffff ffff ffff
ffff ffff ffff ffff 0000 0000 0000 0000
0000 0000 0000 0000 00ff ffff ffff ffff
ffff ffff ffff ffff 0000 0000 0000 0000
0000 0000 0000 0000 00ff ffff ffff ffff
ffff ffff ffff ffff 0000 0000 0000 0000
0000 0000 0000 0000 00ff ffff ffff ffff
ffff ffff ffff ffff 0000 0000 0000 0000
0000 0000 0000 0000 00ff ffff ffff ffff
ffff ffff ffff ffff 0000 0000 0000 0000
0000 0000 0000 0000 00ff ffff ffff ffff
ffff ffff ffff ffff 0000 0000 0000 0000
0000 0000 0000 0000 00ff ffff ffff ffff
ffff ffff ffff ffff 0000 0000 0000 0000
0000 0000 0000 0000 00ff ffff ffff ffff
ffff ffff ffff ffff 0000 0000 0000 0000
0000 0000 0000 0000 00ff ffff ffff ffff
ffff ffff ffff ffff 0000 0000 0000 0000
0000 0000 0000 0000 00ff ffff ffff ffff
ffff ffff ffff ffff 0000 0000 0000 0000
0000 0000 0000 0000 00ff ffff ffff ffff
ffff ffff ffff ffff 0000 0000 0000 0000
0000 0000 0000 0000 00ff ffff ffff ffff
ffff ffff ffff ffff 0000 0000 0000 0000
0000 0000 0000 0000 00ff ffff ffff ffff
ffff ffff ffff ffff 0000 0000 0000 0000
0000 0000 0000 0000 00ff ffff ffff ffff
ffff ffff ffff ffff 0000 ffff ffff ffff
ffff ffff ffff ffff ff00 0000 0000 0000
0000 0000 0000 0000 00ff ffff ffff ffff
ffff ffff ffff ffff ff00 0000 0000 0000
0000 0000 0000 0000 00ff ffff ffff ffff
ffff ffff ffff ffff ff00 0000 0000 0000
0000 0000 0000 0000 00ff ffff ffff ffff
ffff ffff ffff ffff ff00 0000 0000 0000
0000 0000 0000 0000 00ff ffff ffff ffff
ffff ffff ffff ffff ff00 0000 0000 0000
0000 0000 0000 0000 00ff ffff ffff ffff
ffff ffff ffff ffff ff00 0000 0000 0000
0000 0000 0000 0000 00ff ffff ffff ffff
ffff ffff ffff ffff ff00 0000 0000 0000
0000 0000 0000 0000 00ff ffff ffff ffff
ffff ffff ffff ffff ff00 0000 0000 0000
0000 0000 0000 0000 00ff ffff ffff ffff
ffff ffff ffff ffff ff00 0000 0000 0000
0000 0000 0000 0000 00ff ffff ffff ffff
ffff ffff ffff ffff ff00 0000 0000 0000
0000 0000 0000 0000 00ff ffff ffff ffff
ffff ffff ffff ffff ff00 0000 0000 0000
0000 0000 0000 0000 00ff ffff ffff ffff
ffff ffff ffff ffff ff00 0000 0000 0000
0000 0000 0000 0000 00ff ffff ffff ffff
ffff ffff ffff ffff ff00 0000 0000 0000
0000 0000 0000 0000 00ff ffff ffff ffff
ffff ffff ffff ffff ff00 0000 0000 0000
0000 0000 0000 0000 00ff ffff ffff ffff
ffff ffff ffff ffff ff00 0000 0000 0000
0000 0000 0000 0000 00ff ffff ffff ffff
ffff ffff ffff ffff ff00 0000 0000 0000
0000 0000 0000 0000 0000 0000 0000 0000
0000 0000 0000 0000 0000 0000 0000 0000
0000 0000 0000 0000 0000 0000 0000 0000
0000 0000 0000 0000 0000 0000 0000 0000
0000 0000 0000 0000 0000 0000 0000 0000
0000 0000 0000 0000 0000 0000 0000 0000
0000 0000 0000 0000 0000 0000 0000 0000
0000 0000 0000 0000 0000 0000 0000 0000
0000 0000 0000 0000 0000 0000 0000 0000
0000 0000 0000 0000 0000 0000 0000 0000
0000 0000 0000 0000 0000 0000 0000 0000
0000 0000 0000 0000 0000 0000 0000 0000
0000 0000 0000 0000 0000 0000 0000 0000
0000 0000 0000 0000 0000 0000 0000 0000
0000 0000 0000 0000 0000 0000 0000 0000
0000 0000 0000 0000 0000 0000 0000 0000
0000 0000 0000 0000 0000 0000 0000 0000
0000 0000 0000 0000 0000 0000 0000 0000
0000 0000 0000 0000 0000 0000 0000 0000
0000 0000 0000 0000 0000 0000 0000 0000
0000 0000 0000 0000 0000 0000 0000 0000
0000 0000 0000 0000 0000 0000 0000 0000
0000 0000 0000 0000 0000 0000 0000 0000
0000 0000 0000 0000 0000 0000 0000 0000
0000 0000 0000 0000 0000 0000 0000 0000
0000 0000 0000 0000 0000 0000 0000 0000
0000 0000 0000 0000 0000 0000 0000 0000
0000 0000 0000 0000 0000 0000 0000 0000
0000 0000 0000 0000 0000 0000 0000 0000
0000 0000 0000 0000 0000 0000 0000 0000
0000 0000 0000 0000 0000 0000 0000 0000
0000 0000 0000 0000 0000 0000 0000 0000
0000 0000 0000 0000