2000 0000 2000 0000 0000 0000 0000 0000
0000 0000 0000 0000 0001 0101 0101 0101
0101 0101 0101 0101 0000 0000 0000 0000
0000 0000 0000 0000 0001 0101 0101 0101
0101 0101 0101 0101 0000 0000 0000 0000
0000 0000 0000 0000 0001 0101 0101 0101
0101 0101 0101 0101 0000 0000 0000 0000
0000 0000 0000 0000 0001 0101 0101 0101
0101 0101 0101 0101 0000 0000 0000 0000
0000 0000 0000 0000 0001 0101 0101 0101
0101 0101 0101 0101 0000 0000 0000 0000
0000 0000 0000 0000 0001 0101 0101 0101
0101 0101 0101 0101 0000 0000 0000 0000
0000 0000 0000 0000 0001 0101 0101 0101
0101 0101 0101 0101 0000 0000 0000 0000
0000 0000 0000 0000 0001 0101 0101 0101
0101 0101 0101 0101 0000 0000 0000 0000
0000 0000 0000 0000 0001 0101 0101 0101
0101 0101 0101 0101 0000 0000 0000 0000
0000 0000 0000 0000 0001 0101 0101 0101
0101 0101 0101 0101 0000 0000 0000 0000
0000 0000 0000 0000 0001 0101 0101 0101
0101 0101 0101 0101 0000 0000 0000 0000
0000 0000 0000 0000 0001 0101 0101 0101
0101 0101 0101 0101 0000 0000 0000 0000
0000 0000 0000 0000 0001 0101 0101 0101
0101 0101 0101 0101 0000 0000 0000 0000
0000 0000 0000 0000 0001 0101 0101 0101
0101 0101 0101 0101 0000 0000 0000 0000
0000 0000 0000 0000 0001 0101 0101 0101
0101 0101 0101 0101 0000 0000 0000 0000
0000 0000 0000 0000 0001 0101 0101 0101
0101 0101 0101 0101 0000 0000 0000 0000
0000 0000 0000 0000 0000 0000 0000 0000
0000 0000 0000 0000 0000 0000 0000 0000
0000 0000 0000 0000 0000 0000 0000 0000
0000 0000 0000 0000 0000 0000 0000 0000
0000 0000 0000 0000 0000 0000 0000 0000
0000 0000 0000 0000 0000 0000 0000 0000
0000 0000 0000 0000 0000 0000 0000 0000
0000 0000 0000 0000 0000 0000 0000 0000
0000 0000 0000 0000 0000 0000 0000 0000
0000 0000 0000 0000 0000 0000 0000 0000
0000 0000 0000 0000 0000 0000 0000 0000
0000 0000 0000 0000 0000 0000 0000 0000
0000 0000 0000 0000 0000 0000 0000 0000
0000 0000 0000 0000 0000 0000 0000 0000
0000 0000 0000 0000 0000 0000 0000 0000
0000 0000 0000 0000 0000 0000 0000 0000
0000 0000 0000 0000 0000 0000 0000 0000
0000 0000 0000 0000 0000 0000 0000 0000
0000 0000 0000 0000 0000 0000 0000 0000
0000 0000 0000 0000 0000 0000 0000 0000
0000 0000 0000 0000 0000 0000 0000 0000
0000 0000 0000 0000 0000 0000 0000 0000
0000 0000 0000 0000 0000 0000 0000 0000
0000 0000 0000 0000 0000 0000 0000 0000
0000 0000 0000 0000 0000 0000 0000 0000
0000 0000 0000 0000 0000 0000 0000 0000
0000 0000 0000 0000 0000 0000 0000 0000
0000 0000 0000 0000 0000 0000 0000 0000
0000 0000 0000 0000 0000 0000 0000 0000
0000 0000 0000 0000 0000 0000 0000 0000
0000 0000 0000 0000 0000 0000 0000 0000
0000 0000 0000 0000 0000 0000 0000 0000
0000 0000 0000 0000 0000 0000 0000 0000
0000 0000 0000 0000 0000 0000 0000 0000
0000 0000 0000 0000 0000 0000 0000 0000
0000 0000 0000 0000 0000 0000 0000 0000
0000 0000 0000 0000 0000 0000 0000 0000
0000 0000 0000 0000 0000 0000 0000 0000
0000 0000 0000 0000 0000 0000 0000 0000
0000 0000 0000 0000 0000 0000 0000 0000
0000 0000 0000 0000 0000 0000 0000 0000
0000 0000 0000 0000 0000 0000 0000 0000
0000 0000 0000 0000 0000 0000 0000 0000
0000 0000 0000 0000 0000 0000 0000 0000
0000 0000 0000 0000 0000 0000 0000 0000
0000 0000 0000 0000 0000 0000 0000 0000
0000 0000 0000 0000 0000 0000 0000 0000
0000 0000 0000 0000 0000 0000 0000 0000
0000 0000 0000 0000 0000 0000 0000 0000
0000 0000 0000 0000 0000 0000 0000 0000
0000 0000 0000 0000 0000 0000 0000 0000
0000 0000 0000 0000 0000 0000 0000 0000
0000 0000 0000 0000 0000 0000 0000 0000
0000 0000 0000 0000 0000 0000 0000 0000
0000 0000 0000 0000 0000 0000 0000 0000
0000 0000 0000 0000 0000 0000 0000 0000
0000 0000 0000 0000 0000 0000 0000 0000
0000 0000 0000 0000 0000 0000 0000 0000
0000 0000 0000 0000 0000 0000 0000 0000
0000 0000 0000 0000 0000 0000 0000 0000
0000 0000 0000 0000 0000 0000 0000 0000
0000 0000 0000 0000 0000 0000 0000 0000
0000 0000 0000 0000 0000 0000 0000 0000
0000 0000 0000 0000 0000 0000 0000 0000
0000 0000 0000 0000 0001 0101 0101 0101
0101 0101 0101 0101 0000 0000 0000 0000
0000 0000 0000 0000 0001 0101 0101 0101
0101 0101 0101 0101 0000 0000 0000 0000
0000 0000 0000 0000 0001 0101 0101 0101
0101 0101 0101 0101 0000 0000 0000 0000
0000 0000 0000 0000 0001 0101 0101 0101
0101 0101 0101 0101 0000 0000 0000 0000
0000 0000 0000 0000 0001 0101 0101 0101
0101 0101 0101 0101 0000 0000 0000 0000
0000 0000 0000 0000 0001 0101 0101 0101
0101 0101 0101 0101 0000 0000 0000 0000
0000 0000 0000 0000 0001 0101 0101 0101
0101 0101 0101 0101 0000 0000 0000 0000
0000 0000 0000 0000 0001 0101 0101 0101
0101 0101 0101 0101 0000 0000 0000 0000
0000 0000 0000 0000 0001 0101 0101 0101
0101 0101 0101 0101 0000 0000 0000 0000
0000 0000 0000 0000 0001 0101 0101 0101
0101 0101 0101 0101 0000 0000 0000 0000
0000 0000 0000 0000 0001 0101 0101 0101
0101 0101 0101 0101 0000 0000 0000 0000
0000 0000 0000 0000 0001 0101 0101 0101
0101 0101 0101 0101 0000 0000 0000 0000
0000 0000 0000 0000 0001 0101 0101 0101
0101 0101 0101 0101 0000 0000 0000 0000
0000 0000 0000 0000 0001 0101 0101 0101
0101 0101 0101 0101 0000 0000 0000 0000
0000 0000 0000 0000 0001 0101 0101 0101
0101 0101 0101 0101 0000 0000 0000 0000
0000 0000 0000 0000 0001 0101 0101 0101
0101 0101 0101 0101 0000 0101 0101 0101
0101 0101 0101 0101 0100 0000 0000 0000
0000 0000 0000 0000 0001 0101 0101 0101
0101 0101 0101 0101 0100 0000 0000 0000
0000 0000 0000 0000 0001 0101 0101 0101
0101 0101 0101 0101 0100 0000 0000 0000
0000 0000 0000 0000 0001 0101 0101 0101
0101 0101 0101 0101 0100 0000 0000 0000
0000 0000 0000 0000 0001 0101 0101 0101
0101 0101 0101 0101 0100 0000 0000 0000
0000 0000 0000 0000 0001 0101 0101 0101
0101 0101 0101 0101 0100 0000 0000 0000
0000 0000 0000 0000 0001 0101 0101 0101
0101 0101 0101 0101 0100 0000 0000 0000
0000 0000 0000 0000 0001 0101 0101 0101
0101 0101 0101 0101 0100 0000 0000 0000
0000 0000 0000 0000 0001 0101 0101 0101
0101 0101 0101 0101 0100 0000 0000 0000
0000 0000 0000 0000 0001 0101 0101 0101
0101 0101 0101 0101 0100 0000 0000 0000
0000 0000 0000 0000 0001 0101 0101 0101
0101 0101 0101 0101 0100 0000 0000 0000
0000 0000 0000 0000 0001 0101 0101 0101
0101 0101 0101 0101 0100 0000 0000 0000
0000 0000 0000 0000 0001 0101 0101 0101
0101 0101 0101 0101 0100 0000 0000 0000
0000 0000 0000 0000 0001 0101 0101 0101
0101 0101 0101 0101 0100 0000 0000 0000
0000 0000 0000 0000 0001 0101 0101 0101
0101 0101 0101 0101 0100 0000 0000 0000
0000 0000 0000 0000 0001 0101 0101 0101
0101 0101 0101 0101 0100 0000 0000 0000
0000 0000 0000 0000 0000 0000 0000 0000
0000 0000 0000 0000 0000 0000 0000 0000
0000 0000 0000 0000 0000 0000 0000 0000
0000 0000 0000 0000 0000 0000 0000 0000
0000 0000 0000 0000 0000 0000 0000 0000
0000 0000 0000 0000 0000 0000 0000 0000
0000 0000 0000 0000 0000 0000 0000 0000
0000 0000 0000 0000 0000 0000 0000 0000
0000 0000 0000 0000 0000 0000 0000 0000
0000 0000 0000 0000 0000 0000 0000 0000
0000 0000 0000 0000 0000 0000 0000 0000
0000 0000 0000 0000 0000 0000 0000 0000
0000 0000 0000 0000 0000 0000 0000 0000
0000 0000 0000 0000 0000 0000 0000 0000
0000 0000 0000 0000 0000 0000 0000 0000
0000 0000 0000 0000 0000 0000 0000 0000
0000 0000 0000 0000 0000 0000 0000 0000
0000 0000 0000 0000 0000 0000 0000 0000
0000 0000 0000 0000 0000 0000 0000 0000
0000 0000 0000 0000 0000 0000 0000 0000
0000 0000 0000 0000 0000 0000 0000 0000
0000 0000 0000 0000 0000 0000 0000 0000
0000 0000 0000 0000 0000 0000 0000 0000
0000 0000 0000 0000 0000 0000 0000 0000
0000 0000 0000 0000 0000 0000 0000 0000
0000 0000 0000 0000 0000 0000 0000 0000
0000 0000 0000 0000 0000 0000 0000 0000
0000 0000 0000 0000 0000 0000 0000 0000
0000 0000 0000 0000 0000 0000 0000 0000
0000 0000 0000 0000 0000 0000 0000 0000
0000 0000 0000 0000 0000 0000 0000 0000
0000 0000 0000 0000 0000 0000 0000 0000
0000 0000 0000 0000